[ 0 . 1 7 ,   1 . 8 ,   5 0 ] 
[ 0 . 3 3 ,   0 . 6 7 ,   4 0 ] 
[ - 1 . 0 ,   0 . 6 ,   6 5 ] 
[ - 1 . 0 ,   0 . 6 ,   5 9 ] 
[ - 1 . 2 ,   0 . 5 ,   7 ] 
[ - 1 . 0 ,   0 . 5 6 ,   7 8 ] 
[ 0 . 0 ,   2 . 3 3 ,   1 2 ] 
[ 0 . 0 ,   7 ,   9 . 0 ] 
[ - 0 . 0 ,   0 . 5 ,   3 5 ] 
[ - 0 . 0 ,   0 . 8 ,   1 4 ] 
[ - 0 . 4 ,   1 . 3 3 ,   8 ] 
[ - 0 . 4 ,   1 . 3 3 ,   4 7 ] 
[ 1 . 3 3 ,   1 . 5 6 ,   3 7 ] 
[ 1 . 3 3 ,   1 . 6 7 ,   8 2 ] 
[ 0 . 5 ,   2 . 0 ,   6 2 ] 
[ - 1 . 5 ,   2 . 7 1 ,   2 8 ] 
